28.390853 556864 	gyro +0.02 +0.00 -0.01 accel -0.55 -0.01 +9.93
28.394837 748096 	gyro +0.02 -0.00 -0.01 accel -0.57 -0.02 +9.94
28.398821 939328 	gyro +0.02 +0.00 -0.01 accel -0.55 -0.02 +9.92
28.402805 130560 	gyro +0.02 +0.00 -0.01 accel -0.55 +0.00 +9.92
28.406789 321792 	gyro +0.02 +0.00 -0.01 accel -0.56 -0.03 +9.95
28.410773 513024 	gyro +0.02 +0.00 -0.01 accel -0.58 -0.00 +9.94
28.414757 704256 	gyro +0.02 +0.00 -0.01 accel -0.57 -0.04 +9.92
28.418741 895488 	gyro +0.02 +0.00 -0.01 accel -0.55 -0.00 +9.91
28.422725 086720 	gyro +0.02 +0.00 -0.01 accel -0.56 -0.02 +9.92
28.426709 277952 	gyro +0.02 +0.00 -0.01 accel -0.54 -0.02 +9.94
28.430693 469184 	gyro +0.02 +0.00 -0.01 accel -0.55 -0.00 +9.91
28.434677 660416 	gyro +0.02 +0.00 -0.01 accel -0.56 -0.01 +9.92
28.438661 851648 	gyro +0.02 +0.00 -0.01 accel -0.56 -0.02 +9.93
28.442645 042880 	gyro +0.02 -0.00 -0.01 accel -0.58 -0.01 +9.92
28.446629 234112 	gyro +0.02 +0.00 -0.01 accel -0.54 -0.01 +9.92
28.450613 425344 	gyro +0.02 +0.00 -0.01 accel -0.56 -0.00 +9.92
28.454597 616576 	gyro +0.02 +0.00 -0.01 accel -0.55 -0.01 +9.95
28.458581 807808 	gyro +0.02 +0.00 -0.01 accel -0.56 -0.03 +9.94
28.462565 999040 	gyro +0.02 -0.00 -0.01 accel -0.54 +0.00 +9.93
28.466555 190528 	gyro +0.02 -0.00 -0.01 accel -0.55 -0.02 +9.94
28.470539 381760 	gyro +0.02 +0.00 -0.01 accel -0.53 +0.00 +9.91
28.474523 572992 	gyro +0.02 -0.00 -0.01 accel -0.55 +0.01 +9.93
28.478507 764224 	gyro +0.02 -0.00 -0.01 accel -0.56 -0.02 +9.95
28.482491 955456 	gyro +0.02 +0.00 -0.01 accel -0.55 -0.00 +9.95
28.486475 146688 	gyro +0.02 +0.00 -0.01 accel -0.56 -0.04 +9.90
28.490459 337920 	gyro +0.02 +0.00 -0.01 accel -0.54 +0.00 +9.93
28.494443 529152 	gyro +0.02 +0.00 -0.01 accel -0.56 -0.00 +9.91
28.498427 720384 	gyro +0.02 +0.00 -0.01 accel -0.55 -0.02 +9.92
28.502411 911616 	gyro +0.02 +0.00 -0.01 accel -0.56 +0.01 +9.94
28.506395 102848 	gyro +0.02 +0.00 -0.01 accel -0.58 -0.00 +9.90
28.510379 294080 	gyro +0.02 +0.00 -0.01 accel -0.52 -0.00 +9.92
28.514363 485312 	gyro +0.02 -0.00 -0.01 accel -0.54 -0.02 +9.93
28.518347 676544 	gyro +0.02 -0.00 -0.01 accel -0.57 -0.01 +9.91
28.522331 867776 	gyro +0.02 +0.00 -0.01 accel -0.54 -0.04 +9.93
28.526315 059008 	gyro +0.02 -0.00 -0.01 accel -0.54 -0.02 +9.93
28.530299 250240 	gyro +0.02 +0.00 -0.01 accel -0.54 -0.02 +9.94
28.534283 441472 	gyro +0.02 -0.00 -0.01 accel -0.57 -0.05 +9.94
28.538267 632704 	gyro +0.02 +0.00 -0.01 accel -0.57 -0.01 +9.94
28.542251 823936 	gyro +0.02 +0.00 -0.01 accel -0.53 -0.02 +9.93
28.546235 015168 	gyro +0.02 -0.00 -0.01 accel -0.53 +0.00 +9.94
28.550219 206400 	gyro +0.02 +0.00 -0.01 accel -0.54 -0.02 +9.93
28.554203 397632 	gyro +0.02 +0.00 -0.01 accel -0.54 -0.03 +9.92
28.558187 588864 	gyro +0.02 -0.00 -0.01 accel -0.55 -0.00 +9.93
28.562171 780096 	gyro +0.02 +0.00 -0.01 accel -0.57 -0.02 +9.92
28.566155 971328 	gyro +0.02 +0.00 -0.01 accel -0.54 -0.02 +9.91
28.570139 162560 	gyro +0.02 +0.00 -0.01 accel -0.56 +0.02 +9.93
28.574123 353792 	gyro +0.02 +0.00 -0.01 accel -0.54 -0.00 +9.94
28.578107 545024 	gyro +0.02 +0.00 -0.01 accel -0.55 -0.00 +9.93
28.582091 736256 	gyro +0.02 -0.00 -0.01 accel -0.58 -0.01 +9.92
28.586075 927488 	gyro +0.02 +0.00 -0.01 accel -0.54 -0.02 +9.91
28.590059 118720 	gyro +0.02 +0.00 -0.01 accel -0.57 -0.03 +9.90
28.594043 309952 	gyro +0.02 +0.00 -0.01 accel -0.58 -0.03 +9.96
28.598027 501184 	gyro +0.02 -0.00 -0.01 accel -0.57 -0.02 +9.93
28.602011 692416 	gyro +0.02 +0.00 -0.01 accel -0.55 +0.00 +9.92
28.605995 883648 	gyro +0.02 +0.00 -0.01 accel -0.56 -0.01 +9.92
28.609979 074880 	gyro +0.02 +0.00 -0.01 accel -0.57 -0.04 +9.93
28.613963 266112 	gyro +0.02 -0.00 -0.01 accel -0.52 -0.00 +9.93
28.617947 457344 	gyro +0.02 +0.00 -0.01 accel -0.57 -0.02 +9.93
28.621931 648576 	gyro +0.02 +0.00 -0.01 accel -0.54 -0.00 +9.91
28.625915 839808 	gyro +0.02 -0.00 -0.01 accel -0.54 -0.02 +9.91
28.629904 031296 	gyro +0.02 +0.00 -0.01 accel -0.53 -0.00 +9.91
28.633888 222528 	gyro +0.02 +0.00 -0.01 accel -0.54 -0.02 +9.93
28.637872 413760 	gyro +0.02 +0.00 -0.01 accel -0.56 -0.02 +9.92
28.641856 604992 	gyro +0.02 -0.00 -0.01 accel -0.56 -0.03 +9.92
28.645840 796224 	gyro +0.02 -0.00 -0.01 accel -0.54 -0.01 +9.92
28.649824 987456 	gyro +0.02 +0.00 -0.01 accel -0.54 -0.02 +9.94
28.653808 178688 	gyro +0.02 +0.00 -0.01 accel -0.54 -0.03 +9.91
28.657792 369920 	gyro +0.02 -0.00 -0.01 accel -0.52 +0.00 +9.93
28.661776 561152 	gyro +0.02 +0.00 -0.01 accel -0.55 -0.01 +9.92
28.665760 752384 	gyro +0.02 +0.00 -0.01 accel -0.54 -0.02 +9.94
28.669744 943616 	gyro +0.02 +0.00 -0.01 accel -0.56 -0.01 +9.92
28.673728 134848 	gyro +0.02 +0.00 -0.01 accel -0.54 -0.03 +9.91
28.677712 326080 	gyro +0.02 +0.00 -0.01 accel -0.53 -0.02 +9.93
28.681696 517312 	gyro +0.02 +0.00 -0.01 accel -0.56 +0.01 +9.92
28.685680 708544 	gyro +0.02 +0.00 -0.01 accel -0.56 -0.02 +9.94
28.689664 899776 	gyro +0.02 +0.00 -0.01 accel -0.56 -0.05 +9.92
28.693648 091008 	gyro +0.02 +0.00 -0.01 accel -0.56 -0.03 +9.93
28.697632 282240 	gyro +0.02 +0.00 -0.01 accel -0.53 -0.04 +9.93
28.701616 473472 	gyro +0.02 +0.00 -0.01 accel -0.56 -0.01 +9.94
28.705600 664704 	gyro +0.02 +0.00 -0.01 accel -0.52 -0.04 +9.94
28.709584 855936 	gyro +0.02 +0.00 -0.01 accel -0.54 -0.02 +9.92
28.713568 047168 	gyro +0.02 +0.00 -0.01 accel -0.56 +0.01 +9.93
28.717552 238400 	gyro +0.02 -0.00 -0.01 accel -0.56 -0.00 +9.93
28.721536 429632 	gyro +0.02 -0.00 -0.01 accel -0.54 -0.05 +9.92
28.725520 620864 	gyro +0.02 -0.00 -0.01 accel -0.57 -0.02 +9.93
28.729504 812096 	gyro +0.02 +0.00 -0.01 accel -0.54 -0.01 +9.95
28.733488 003328 	gyro +0.02 -0.00 -0.01 accel -0.56 -0.01 +9.93
28.737472 194560 	gyro +0.02 +0.00 -0.01 accel -0.54 -0.03 +9.97
28.741456 385792 	gyro +0.02 +0.00 -0.01 accel -0.56 -0.01 +9.94
28.745440 577024 	gyro +0.02 +0.00 -0.01 accel -0.56 -0.04 +9.91
28.749424 768256 	gyro +0.02 +0.00 -0.01 accel -0.55 -0.04 +9.93
28.753408 959488 	gyro +0.02 +0.00 -0.01 accel -0.56 -0.04 +9.95
28.757392 150720 	gyro +0.02 +0.00 -0.01 accel -0.57 -0.01 +9.95
28.761376 341952 	gyro +0.02 +0.00 -0.01 accel -0.58 -0.02 +9.94
28.765360 533184 	gyro +0.02 +0.00 -0.01 accel -0.55 +0.02 +9.93
28.769344 724416 	gyro +0.02 +0.00 -0.01 accel -0.55 +0.00 +9.92
28.773328 915648 	gyro +0.02 -0.00 -0.01 accel -0.57 -0.01 +9.91
28.777312 106880 	gyro +0.02 +0.00 -0.01 accel -0.56 -0.00 +9.91
28.781296 298112 	gyro +0.02 +0.00 -0.01 accel -0.57 -0.03 +9.91
28.785280 489344 	gyro +0.02 -0.00 -0.01 accel -0.56 -0.00 +9.92
28.789264 680576 	gyro +0.02 -0.00 -0.01 accel -0.56 -0.02 +9.93
28.793248 871808 	gyro +0.02 -0.00 -0.01 accel -0.56 -0.02 +9.93
28.797237 063296 	gyro +0.02 +0.00 -0.01 accel -0.57 -0.01 +9.91
28.801221 254528 	gyro +0.02 -0.00 -0.01 accel -0.55 -0.03 +9.91
28.805205 445760 	gyro +0.02 +0.00 -0.01 accel -0.58 -0.02 +9.93
28.809189 636992 	gyro +0.02 +0.00 -0.01 accel -0.59 -0.04 +9.91
28.813173 828224 	gyro +0.02 +0.00 -0.01 accel -0.52 -0.01 +9.91
28.817157 019456 	gyro +0.02 +0.00 -0.01 accel -0.53 -0.01 +9.95
28.821141 210688 	gyro +0.02 +0.00 -0.01 accel -0.53 -0.03 +9.94
28.825125 401920 	gyro +0.02 +0.00 -0.01 accel -0.51 +0.00 +9.92
28.829109 593152 	gyro +0.02 +0.00 -0.01 accel -0.54 +0.01 +9.91
28.833093 784384 	gyro +0.02 +0.00 -0.01 accel -0.54 -0.01 +9.93
28.837077 975616 	gyro +0.02 +0.00 -0.01 accel -0.53 -0.02 +9.92
28.841061 166848 	gyro +0.02 +0.00 -0.01 accel -0.53 +0.00 +9.94
28.845045 358080 	gyro +0.02 -0.00 -0.01 accel -0.54 -0.02 +9.92
28.849029 549312 	gyro +0.02 +0.00 -0.01 accel -0.56 -0.03 +9.95
28.853013 740544 	gyro +0.02 +0.00 -0.01 accel -0.54 -0.00 +9.95
28.856997 931776 	gyro +0.02 +0.00 -0.01 accel -0.57 -0.03 +9.91
28.860981 123008 	gyro +0.02 +0.00 -0.01 accel -0.56 -0.04 +9.93
28.864965 314240 	gyro +0.02 +0.00 -0.01 accel -0.56 -0.01 +9.91
28.868949 505472 	gyro +0.02 +0.00 -0.01 accel -0.55 -0.04 +9.93
28.872933 696704 	gyro +0.02 +0.00 -0.01 accel -0.55 +0.00 +9.92
28.876917 887936 	gyro +0.02 +0.00 -0.01 accel -0.60 +0.00 +9.95
28.880901 079168 	gyro +0.02 +0.00 -0.01 accel -0.56 -0.02 +9.92
28.884885 270400 	gyro +0.02 +0.00 -0.01 accel -0.57 -0.03 +9.92
28.888869 461632 	gyro +0.02 +0.00 -0.01 accel -0.57 -0.00 +9.93
28.892853 652864 	gyro +0.02 +0.00 -0.01 accel -0.57 +0.01 +9.94
28.896837 844096 	gyro +0.02 -0.00 -0.01 accel -0.56 +0.01 +9.91
28.900821 035328 	gyro +0.02 -0.00 -0.01 accel -0.57 -0.01 +9.95
28.904805 226560 	gyro +0.02 -0.00 -0.01 accel -0.56 -0.02 +9.91
28.908789 417792 	gyro +0.02 -0.00 -0.01 accel -0.53 -0.02 +9.92
28.912773 609024 	gyro +0.02 -0.00 -0.01 accel -0.55 -0.02 +9.93
28.916757 800256 	gyro +0.02 -0.00 -0.01 accel -0.55 -0.00 +9.92
28.920741 991488 	gyro +0.02 +0.00 -0.01 accel -0.56 +0.00 +9.95
28.924725 182720 	gyro +0.02 -0.00 -0.01 accel -0.51 -0.03 +9.91
28.928709 373952 	gyro +0.02 -0.00 -0.01 accel -0.51 -0.01 +9.93
28.932693 565184 	gyro +0.02 +0.00 -0.01 accel -0.51 -0.05 +9.93
28.936677 756416 	gyro +0.02 +0.00 -0.01 accel -0.51 -0.02 +9.94
28.940661 947648 	gyro +0.02 +0.00 -0.01 accel -0.56 -0.03 +9.95
28.944645 138880 	gyro +0.02 +0.00 -0.01 accel -0.53 -0.00 +9.92
28.948629 330112 	gyro +0.02 +0.00 -0.01 accel -0.53 -0.01 +9.94
28.952613 521344 	gyro +0.02 +0.00 -0.01 accel -0.54 -0.03 +9.91
28.956597 712576 	gyro +0.02 +0.00 -0.01 accel -0.54 -0.02 +9.93
28.960581 903808 	gyro +0.02 +0.00 -0.01 accel -0.53 +0.03 +9.91
28.964571 095296 	gyro +0.02 +0.00 -0.01 accel -0.58 -0.01 +9.94
28.968555 286528 	gyro +0.02 +0.00 -0.01 accel -0.56 -0.04 +9.92
28.972539 477760 	gyro +0.02 +0.00 -0.01 accel -0.57 -0.03 +9.94
28.976523 668992 	gyro +0.02 +0.00 -0.01 accel -0.56 -0.03 +9.94
28.980507 860224 	gyro +0.02 +0.00 -0.01 accel -0.57 -0.04 +9.92
28.984491 051456 	gyro +0.02 -0.00 -0.01 accel -0.58 -0.01 +9.92
28.988475 242688 	gyro +0.02 +0.00 -0.01 accel -0.59 -0.01 +9.93
28.992459 433920 	gyro +0.02 +0.00 -0.01 accel -0.59 -0.04 +9.93
28.996443 625152 	gyro +0.02 +0.00 -0.01 accel -0.57 -0.03 +9.96
29.000427 816384 	gyro +0.02 +0.00 -0.01 accel -0.59 -0.02 +9.96
29.004411 007616 	gyro +0.02 -0.00 -0.01 accel -0.57 -0.02 +9.93
29.008395 198848 	gyro +0.02 -0.00 -0.01 accel -0.57 -0.02 +9.93
29.012379 390080 	gyro +0.02 -0.00 -0.01 accel -0.54 -0.01 +9.92
29.016363 581312 	gyro +0.02 -0.00 -0.01 accel -0.56 +0.00 +9.93
29.020347 772544 	gyro +0.02 -0.00 -0.01 accel -0.55 -0.02 +9.95
29.024331 963776 	gyro +0.02 -0.00 -0.01 accel -0.55 -0.03 +9.92
29.028315 155008 	gyro +0.02 -0.00 -0.01 accel -0.51 -0.01 +9.93
29.032299 346240 	gyro +0.02 +0.00 -0.01 accel -0.55 -0.02 +9.94
29.036283 537472 	gyro +0.02 +0.00 -0.01 accel -0.55 -0.00 +9.93
29.040267 728704 	gyro +0.02 +0.00 -0.01 accel -0.53 +0.01 +9.94
29.044251 919936 	gyro +0.02 +0.00 -0.01 accel -0.55 -0.03 +9.91
29.048235 111168 	gyro +0.02 +0.00 -0.01 accel -0.55 -0.01 +9.92
29.052219 302400 	gyro +0.02 +0.00 -0.01 accel -0.55 -0.02 +9.93
29.056203 493632 	gyro +0.02 +0.00 -0.01 accel -0.54 -0.05 +9.93
29.060187 684864 	gyro +0.02 +0.00 -0.01 accel -0.56 -0.01 +9.92
29.064171 876096 	gyro +0.02 +0.00 -0.01 accel -0.59 -0.02 +9.91
29.068155 067328 	gyro +0.02 +0.00 -0.01 accel -0.55 +0.01 +9.90
29.072139 258560 	gyro +0.02 +0.00 -0.01 accel -0.56 +0.02 +9.95
29.076123 449792 	gyro +0.02 -0.00 -0.01 accel -0.57 -0.02 +9.93
29.080107 641024 	gyro +0.02 -0.00 -0.01 accel -0.56 -0.03 +9.89
29.084091 832256 	gyro +0.02 -0.00 -0.01 accel -0.54 -0.02 +9.94
29.088075 023488 	gyro +0.02 +0.00 -0.01 accel -0.57 -0.04 +9.90
29.092059 214720 	gyro +0.02 -0.00 -0.01 accel -0.56 +0.00 +9.93
29.096043 405952 	gyro +0.02 +0.00 -0.01 accel -0.54 +0.00 +9.90
29.100027 597184 	gyro +0.02 +0.00 -0.01 accel -0.55 -0.04 +9.89
29.104011 788416 	gyro +0.02 -0.00 -0.01 accel -0.55 -0.01 +9.94
29.107995 979648 	gyro +0.02 -0.00 -0.01 accel -0.58 -0.03 +9.96
29.111979 170880 	gyro +0.02 +0.00 -0.01 accel -0.55 -0.04 +9.93
29.115963 362112 	gyro +0.02 +0.00 -0.01 accel -0.57 -0.04 +9.92
29.119947 553344 	gyro +0.02 +0.00 -0.01 accel -0.53 -0.00 +9.93
29.123931 744576 	gyro +0.02 +0.00 -0.01 accel -0.55 +0.01 +9.92
29.127915 935808 	gyro +0.02 -0.00 -0.01 accel -0.53 +0.00 +9.92
29.131904 127296 	gyro +0.02 -0.00 -0.01 accel -0.55 -0.01 +9.94
29.135888 318528 	gyro +0.02 +0.00 -0.01 accel -0.53 -0.01 +9.93
29.139872 509760 	gyro +0.02 +0.00 -0.01 accel -0.53 -0.04 +9.93
29.143856 700992 	gyro +0.02 -0.00 -0.01 accel -0.54 +0.02 +9.91
29.147840 892224 	gyro +0.02 -0.00 -0.01 accel -0.55 -0.00 +9.94
29.151824 083456 	gyro +0.02 +0.00 -0.01 accel -0.55 -0.03 +9.92
29.155808 274688 	gyro +0.02 -0.00 -0.01 accel -0.55 -0.00 +9.91
29.159792 465920 	gyro +0.02 -0.00 -0.01 accel -0.56 -0.03 +9.93
29.163776 657152 	gyro +0.02 +0.00 -0.01 accel -0.56 -0.03 +9.93
29.167760 848384 	gyro +0.02 +0.00 -0.01 accel -0.55 -0.01 +9.93
29.171744 039616 	gyro +0.02 +0.00 -0.01 accel -0.57 -0.00 +9.93
29.175728 230848 	gyro +0.02 +0.00 -0.01 accel -0.55 -0.02 +9.91
29.179712 422080 	gyro +0.02 +0.00 -0.01 accel -0.58 -0.04 +9.92
29.183696 613312 	gyro +0.02 +0.00 -0.01 accel -0.54 -0.02 +9.93
29.187680 804544 	gyro +0.02 +0.00 -0.01 accel -0.56 -0.05 +9.94
29.191664 995776 	gyro +0.02 +0.00 -0.01 accel -0.57 -0.03 +9.93
29.195648 187008 	gyro +0.02 +0.00 -0.01 accel -0.57 -0.02 +9.93
29.199632 378240 	gyro +0.02 +0.00 -0.01 accel -0.56 -0.01 +9.93
29.203616 569472 	gyro +0.02 -0.00 -0.01 accel -0.56 +0.01 +9.93
29.207600 760704 	gyro +0.02 +0.00 -0.01 accel -0.57 -0.04 +9.93
29.211584 951936 	gyro +0.02 -0.00 -0.01 accel -0.55 -0.03 +9.94
29.215568 143168 	gyro +0.02 +0.00 -0.01 accel -0.58 -0.00 +9.94
29.219552 334400 	gyro +0.02 -0.00 -0.01 accel -0.59 -0.02 +9.94
29.223536 525632 	gyro +0.02 -0.00 -0.01 accel -0.56 -0.02 +9.93
29.227520 716864 	gyro +0.02 +0.00 -0.01 accel -0.54 +0.00 +9.93
29.231504 908096 	gyro +0.02 +0.00 -0.01 accel -0.55 -0.02 +9.92
29.235488 099328 	gyro +0.02 +0.00 -0.01 accel -0.55 -0.03 +9.94
29.239472 290560 	gyro +0.02 +0.00 -0.01 accel -0.55 -0.02 +9.93
29.243456 481792 	gyro +0.02 +0.00 -0.01 accel -0.56 -0.01 +9.92
29.247440 673024 	gyro +0.02 +0.00 -0.01 accel -0.55 -0.02 +9.92
29.251424 864256 	gyro +0.02 +0.00 -0.01 accel -0.55 -0.02 +9.92
29.255408 055488 	gyro +0.02 +0.00 -0.01 accel -0.55 -0.01 +9.92
29.259392 246720 	gyro +0.02 +0.00 -0.01 accel -0.55 -0.04 +9.96
29.263376 437952 	gyro +0.02 -0.00 -0.01 accel -0.54 -0.00 +9.93
29.267360 629184 	gyro +0.02 -0.00 -0.01 accel -0.57 -0.03 +9.94
29.271344 820416 	gyro +0.02 -0.00 -0.01 accel -0.54 -0.01 +9.91
29.275328 011648 	gyro +0.02 +0.00 -0.01 accel -0.53 -0.01 +9.94
29.279312 202880 	gyro +0.02 -0.00 -0.01 accel -0.58 -0.03 +9.95
29.283296 394112 	gyro +0.02 +0.00 -0.01 accel -0.54 -0.03 +9.93
29.287280 585344 	gyro +0.02 -0.00 -0.01 accel -0.57 -0.01 +9.94
29.291264 776576 	gyro +0.02 +0.00 -0.01 accel -0.55 +0.00 +9.91
29.295248 967808 	gyro +0.02 +0.00 -0.01 accel -0.55 -0.02 +9.90
29.299237 159296 	gyro +0.02 +0.00 -0.01 accel -0.54 -0.05 +9.93
29.303221 350528 	gyro +0.02 -0.00 -0.01 accel -0.57 -0.04 +9.92
29.307205 541760 	gyro +0.02 +0.00 -0.01 accel -0.55 -0.03 +9.93
29.311189 732992 	gyro +0.02 +0.00 -0.01 accel -0.55 -0.03 +9.94
29.315173 924224 	gyro +0.02 +0.00 -0.01 accel -0.57 -0.01 +9.93
29.319157 115456 	gyro +0.02 +0.00 -0.01 accel -0.56 +0.00 +9.92
29.323141 306688 	gyro +0.02 +0.00 -0.01 accel -0.54 -0.00 +9.90
29.327125 497920 	gyro +0.02 -0.00 -0.01 accel -0.57 -0.03 +9.94
29.331109 689152 	gyro +0.02 +0.00 -0.01 accel -0.57 +0.02 +9.93
29.335093 880384 	gyro +0.02 +0.00 -0.01 accel -0.56 -0.00 +9.94
29.339077 071616 	gyro +0.02 +0.00 -0.01 accel -0.56 -0.02 +9.94
29.343061 262848 	gyro +0.02 -0.00 -0.01 accel -0.59 -0.04 +9.92
29.347045 454080 	gyro +0.02 -0.00 -0.01 accel -0.57 -0.01 +9.94
29.351029 645312 	gyro +0.02 +0.00 -0.01 accel -0.57 -0.03 +9.94
29.355013 836544 	gyro +0.02 +0.00 -0.01 accel -0.59 -0.00 +9.93
29.358997 027776 	gyro +0.02 +0.00 -0.01 accel -0.56 -0.02 +9.92
29.362981 219008 	gyro +0.02 -0.00 -0.01 accel -0.57 -0.01 +9.90
29.366965 410240 	gyro +0.02 -0.00 -0.01 accel -0.54 -0.03 +9.91
29.370949 601472 	gyro +0.02 +0.00 -0.01 accel -0.57 -0.01 +9.92
29.374933 792704 	gyro +0.02 +0.00 -0.01 accel -0.53 -0.01 +9.93
29.378917 983936 	gyro +0.02 +0.00 -0.01 accel -0.54 -0.02 +9.93
29.382901 175168 	gyro +0.02 +0.00 -0.01 accel -0.57 -0.00 +9.92
29.386885 366400 	gyro +0.02 +0.00 -0.01 accel -0.54 -0.02 +9.92
29.390869 557632 	gyro +0.02 +0.00 -0.01 accel -0.56 -0.02 +9.92
29.394853 748864 	gyro +0.02 -0.00 -0.01 accel -0.54 -0.01 +9.92
29.398837 940096 	gyro +0.02 -0.00 -0.01 accel -0.54 -0.00 +9.93
29.402821 131328 	gyro +0.02 +0.00 -0.01 accel -0.53 -0.01 +9.92
29.406805 322560 	gyro +0.02 +0.00 -0.01 accel -0.53 +0.00 +9.92
29.410789 513792 	gyro +0.02 -0.00 -0.01 accel -0.56 +0.00 +9.94
29.414773 705024 	gyro +0.02 -0.00 -0.01 accel -0.54 -0.00 +9.92
29.418757 896256 	gyro +0.02 +0.00 -0.01 accel -0.53 -0.03 +9.93
29.422741 087488 	gyro +0.02 +0.00 -0.01 accel -0.54 -0.03 +9.91
29.426725 278720 	gyro +0.02 +0.00 -0.01 accel -0.52 -0.03 +9.91
29.430709 469952 	gyro +0.02 +0.00 -0.01 accel -0.53 -0.01 +9.93
29.434693 661184 	gyro +0.02 +0.00 -0.01 accel -0.55 +0.00 +9.93
29.438677 852416 	gyro +0.02 +0.00 -0.01 accel -0.53 -0.04 +9.95
29.442661 043648 	gyro +0.02 +0.00 -0.01 accel -0.56 -0.01 +9.93
29.446645 234880 	gyro +0.02 +0.00 -0.01 accel -0.58 -0.01 +9.92
29.450629 426112 	gyro +0.02 +0.00 -0.01 accel -0.58 -0.03 +9.91
29.454613 617344 	gyro +0.02 +0.00 -0.01 accel -0.57 -0.01 +9.94
29.458597 808576 	gyro +0.02 -0.00 -0.01 accel -0.56 -0.02 +9.94
29.462587 000064 	gyro +0.02 +0.00 -0.01 accel -0.56 -0.03 +9.91
29.466571 191296 	gyro +0.02 +0.00 -0.01 accel -0.59 +0.02 +9.94
29.470555 382528 	gyro +0.02 -0.00 -0.01 accel -0.56 -0.02 +9.92
29.474539 573760 	gyro +0.02 -0.00 -0.01 accel -0.56 -0.00 +9.92
29.478523 764992 	gyro +0.02 +0.00 -0.01 accel -0.56 -0.01 +9.91
29.482507 956224 	gyro +0.02 +0.00 -0.01 accel -0.55 -0.03 +9.92
29.486491 147456 	gyro +0.02 -0.00 -0.01 accel -0.55 -0.02 +9.93
29.490475 338688 	gyro +0.02 +0.00 -0.01 accel -0.55 -0.02 +9.91
29.494459 529920 	gyro +0.02 +0.00 -0.01 accel -0.53 -0.03 +9.92
29.498443 721152 	gyro +0.02 +0.00 -0.01 accel -0.56 -0.04 +9.92
29.502427 912384 	gyro +0.02 +0.00 -0.01 accel -0.57 -0.03 +9.93
29.506411 103616 	gyro +0.02 +0.00 -0.01 accel -0.57 -0.02 +9.92
29.510395 294848 	gyro +0.02 +0.00 -0.01 accel -0.57 +0.00 +9.94
29.514379 486080 	gyro +0.02 +0.00 -0.01 accel -0.55 -0.04 +9.91
29.518363 677312 	gyro +0.02 -0.00 -0.01 accel -0.54 -0.04 +9.93
29.522347 868544 	gyro +0.02 +0.00 -0.01 accel -0.54 -0.03 +9.91
29.526331 059776 	gyro +0.02 +0.00 -0.01 accel -0.54 -0.02 +9.92
29.530315 251008 	gyro +0.02 -0.00 -0.01 accel -0.54 -0.01 +9.92
29.534299 442240 	gyro +0.02 +0.00 -0.01 accel -0.56 -0.02 +9.93
29.538283 633472 	gyro +0.02 -0.00 -0.01 accel -0.57 -0.03 +9.93
29.542267 824704 	gyro +0.02 +0.00 -0.01 accel -0.55 -0.01 +9.92
29.546251 015936 	gyro +0.02 +0.00 -0.01 accel -0.57 -0.01 +9.95
29.550235 207168 	gyro +0.02 +0.00 -0.01 accel -0.56 -0.02 +9.93
29.554219 398400 	gyro +0.02 +0.00 -0.01 accel -0.54 -0.00 +9.94
29.558203 589632 	gyro +0.02 -0.00 -0.01 accel -0.56 -0.03 +9.92
29.562187 780864 	gyro +0.02 +0.00 -0.01 accel -0.54 -0.03 +9.91
29.566171 972096 	gyro +0.02 +0.00 -0.01 accel -0.53 -0.03 +9.91
29.570155 163328 	gyro +0.02 -0.00 -0.01 accel -0.54 -0.01 +9.93
29.574139 354560 	gyro +0.02 +0.00 -0.01 accel -0.55 +0.01 +9.96
29.578123 545792 	gyro +0.02 -0.00 -0.01 accel -0.55 -0.02 +9.95
29.582107 737024 	gyro +0.02 +0.00 -0.01 accel -0.55 +0.00 +9.91
29.586091 928256 	gyro +0.02 +0.00 -0.01 accel -0.56 -0.02 +9.91
29.590075 119488 	gyro +0.02 -0.00 -0.01 accel -0.54 -0.02 +9.92
29.594059 310720 	gyro +0.02 -0.00 -0.01 accel -0.53 +0.00 +9.93
29.598043 501952 	gyro +0.02 -0.00 -0.01 accel -0.53 -0.04 +9.92
29.602027 693184 	gyro +0.02 -0.00 -0.01 accel -0.53 -0.02 +9.93
29.606011 884416 	gyro +0.02 -0.00 -0.01 accel -0.57 -0.03 +9.94
29.609995 075648 	gyro +0.02 +0.00 -0.01 accel -0.51 -0.02 +9.87
29.613979 266880 	gyro +0.03 +0.01 -0.01 accel -0.56 -0.01 +9.89
29.617963 458112 	gyro +0.02 -0.00 -0.01 accel -0.56 -0.05 +9.92
29.621947 649344 	gyro +0.01 -0.01 -0.01 accel -0.52 -0.05 +9.96
29.625936 840832 	gyro +0.02 -0.00 -0.01 accel -0.56 -0.04 +9.99
29.629920 032064 	gyro +0.03 +0.01 -0.01 accel -0.54 +0.00 +9.93
29.633904 223296 	gyro +0.03 +0.01 -0.01 accel -0.55 -0.02 +9.91
29.637888 414528 	gyro +0.02 +0.00 -0.01 accel -0.53 -0.02 +9.92
29.641872 605760 	gyro +0.02 -0.00 -0.01 accel -0.56 -0.01 +9.95
29.645856 796992 	gyro +0.02 +0.00 -0.01 accel -0.56 -0.02 +9.90
29.649840 988224 	gyro +0.02 +0.00 -0.01 accel -0.53 +0.04 +9.92
29.653824 179456 	gyro +0.02 -0.00 -0.01 accel -0.56 -0.01 +9.93
