52.491696 639168 	gyro +0.02 -0.01 -0.01 accel +6.23 -2.14 -7.25
52.495680 830400 	gyro +0.02 -0.00 -0.01 accel +6.22 -2.16 -7.27
52.499664 021632 	gyro +0.02 -0.00 -0.01 accel +6.26 -2.15 -7.25
52.503648 212864 	gyro +0.02 -0.00 -0.01 accel +6.20 -2.16 -7.26
52.507632 404096 	gyro +0.02 -0.00 -0.01 accel +6.22 -2.16 -7.27
52.511616 595328 	gyro +0.02 +0.00 -0.01 accel +6.24 -2.18 -7.26
52.515600 786560 	gyro +0.02 -0.00 -0.01 accel +6.23 -2.17 -7.27
52.519584 977792 	gyro +0.02 -0.00 -0.01 accel +6.24 -2.15 -7.24
52.523573 169280 	gyro +0.02 -0.00 -0.01 accel +6.23 -2.14 -7.25
52.527557 360512 	gyro +0.02 -0.00 -0.01 accel +6.23 -2.15 -7.27
52.531541 551744 	gyro +0.02 -0.00 -0.01 accel +6.27 -2.16 -7.25
52.535525 742976 	gyro +0.02 -0.01 -0.01 accel +6.23 -2.14 -7.27
52.539509 934208 	gyro +0.02 -0.00 -0.01 accel +6.22 -2.15 -7.25
52.543493 125440 	gyro +0.02 -0.00 -0.01 accel +6.22 -2.16 -7.27
52.547477 316672 	gyro +0.02 -0.00 -0.01 accel +6.26 -2.13 -7.26
52.551461 507904 	gyro +0.02 -0.00 -0.01 accel +6.23 -2.15 -7.28
52.555445 699136 	gyro +0.02 -0.00 -0.01 accel +6.21 -2.13 -7.26
52.559429 890368 	gyro +0.02 -0.00 -0.01 accel +6.22 -2.13 -7.26
52.563413 081600 	gyro +0.02 -0.00 -0.01 accel +6.25 -2.15 -7.22
52.567397 272832 	gyro +0.02 -0.00 -0.01 accel +6.23 -2.15 -7.26
52.571381 464064 	gyro +0.02 -0.00 -0.01 accel +6.26 -2.13 -7.26
52.575365 655296 	gyro +0.02 -0.00 -0.01 accel +6.24 -2.13 -7.27
52.579349 846528 	gyro +0.02 -0.00 -0.01 accel +6.24 -2.16 -7.25
52.583333 037760 	gyro +0.02 -0.00 -0.01 accel +6.26 -2.18 -7.26
52.587317 228992 	gyro +0.02 -0.00 -0.01 accel +6.22 -2.15 -7.26
52.591301 420224 	gyro +0.02 -0.00 -0.01 accel +6.25 -2.16 -7.28
52.595285 611456 	gyro +0.02 -0.00 -0.01 accel +6.22 -2.14 -7.23
52.599269 802688 	gyro +0.02 -0.00 -0.01 accel +6.24 -2.17 -7.26
52.603253 993920 	gyro +0.02 -0.00 -0.01 accel +6.25 -2.14 -7.26
52.607237 185152 	gyro +0.02 -0.00 -0.01 accel +6.24 -2.13 -7.26
52.611221 376384 	gyro +0.02 -0.00 -0.01 accel +6.27 -2.15 -7.26
52.615205 567616 	gyro +0.02 -0.00 -0.01 accel +6.25 -2.14 -7.25
52.619189 758848 	gyro +0.02 -0.01 -0.01 accel +6.23 -2.15 -7.28
52.623179 950336 	gyro +0.02 -0.00 -0.01 accel +6.24 -2.15 -7.25
52.627163 141568 	gyro +0.02 -0.00 -0.01 accel +6.25 -2.12 -7.24
52.631147 332800 	gyro +0.02 -0.00 -0.01 accel +6.25 -2.13 -7.27
52.635131 524032 	gyro +0.02 -0.00 -0.01 accel +6.24 -2.15 -7.27
52.639115 715264 	gyro +0.02 -0.00 -0.01 accel +6.22 -2.16 -7.25
52.643099 906496 	gyro +0.02 -0.00 -0.01 accel +6.27 -2.14 -7.25
52.647083 097728 	gyro +0.02 -0.00 -0.01 accel +6.24 -2.16 -7.25
52.651067 288960 	gyro +0.02 -0.00 -0.01 accel +6.26 -2.15 -7.26
52.655051 480192 	gyro +0.02 -0.00 -0.01 accel +6.21 -2.16 -7.26
52.659035 671424 	gyro +0.02 -0.00 -0.01 accel +6.23 -2.16 -7.24
52.663019 862656 	gyro +0.02 -0.00 -0.01 accel +6.23 -2.14 -7.26
52.667003 053888 	gyro +0.02 -0.01 -0.01 accel +6.27 -2.15 -7.25
52.670987 245120 	gyro +0.02 -0.00 -0.01 accel +6.27 -2.19 -7.24
52.674971 436352 	gyro +0.02 -0.00 -0.01 accel +6.22 -2.16 -7.28
52.678955 627584 	gyro +0.02 -0.00 -0.01 accel +6.22 -2.14 -7.27
52.682939 818816 	gyro +0.02 -0.00 -0.01 accel +6.25 -2.15 -7.27
52.686923 010048 	gyro +0.02 -0.00 -0.01 accel +6.26 -2.16 -7.28
52.690907 201280 	gyro +0.02 -0.00 -0.01 accel +6.24 -2.15 -7.27
52.694891 392512 	gyro +0.02 -0.00 -0.01 accel +6.23 -2.17 -7.27
52.698875 583744 	gyro +0.02 -0.00 -0.01 accel +6.23 -2.15 -7.27
52.702859 774976 	gyro +0.02 -0.00 -0.01 accel +6.23 -2.15 -7.26
52.706843 966208 	gyro +0.02 -0.00 -0.01 accel +6.27 -2.15 -7.27
52.710827 157440 	gyro +0.02 -0.00 -0.01 accel +6.24 -2.15 -7.26
52.714811 348672 	gyro +0.02 -0.00 -0.01 accel +6.26 -2.13 -7.29
52.718795 539904 	gyro +0.02 -0.00 -0.01 accel +6.27 -2.12 -7.26
52.722779 731136 	gyro +0.02 -0.00 -0.01 accel +6.23 -2.15 -7.25
52.726768 922624 	gyro +0.02 -0.00 -0.01 accel +6.24 -2.12 -7.24
52.730752 113856 	gyro +0.02 -0.00 -0.01 accel +6.25 -2.10 -7.25
52.734736 305088 	gyro +0.02 -0.00 -0.01 accel +6.27 -2.14 -7.26
52.738720 496320 	gyro +0.02 -0.00 -0.01 accel +6.23 -2.16 -7.24
52.742704 687552 	gyro +0.02 -0.00 -0.01 accel +6.26 -2.15 -7.27
52.746688 878784 	gyro +0.02 -0.00 -0.01 accel +6.24 -2.13 -7.27
52.750672 070016 	gyro +0.02 -0.00 -0.01 accel +6.23 -2.13 -7.26
52.754656 261248 	gyro +0.02 -0.00 -0.01 accel +6.26 -2.15 -7.25
52.758640 452480 	gyro +0.02 -0.00 -0.01 accel +6.24 -2.15 -7.26
52.762624 643712 	gyro +0.02 -0.01 -0.01 accel +6.23 -2.12 -7.26
52.766608 834944 	gyro +0.02 -0.00 -0.01 accel +6.26 -2.17 -7.28
52.770592 026176 	gyro +0.02 -0.00 -0.01 accel +6.24 -2.15 -7.25
52.774576 217408 	gyro +0.02 -0.00 -0.01 accel +6.24 -2.15 -7.25
52.778560 408640 	gyro +0.02 -0.00 -0.01 accel +6.24 -2.16 -7.27
52.782544 599872 	gyro +0.02 -0.00 -0.01 accel +6.24 -2.15 -7.28
52.786528 791104 	gyro +0.02 -0.00 -0.01 accel +6.24 -2.16 -7.26
52.790512 982336 	gyro +0.02 -0.00 -0.01 accel +6.24 -2.16 -7.27
52.794496 173568 	gyro +0.02 -0.00 -0.01 accel +6.22 -2.16 -7.27
52.798480 364800 	gyro +0.02 -0.00 -0.01 accel +6.23 -2.15 -7.24
52.802464 556032 	gyro +0.02 -0.00 -0.01 accel +6.24 -2.16 -7.27
52.806448 747264 	gyro +0.02 -0.00 -0.01 accel +6.24 -2.11 -7.23
52.810432 938496 	gyro +0.02 -0.00 -0.01 accel +6.23 -2.16 -7.26
52.814416 129728 	gyro +0.02 -0.00 -0.01 accel +6.25 -2.14 -7.26
52.818400 320960 	gyro +0.02 -0.00 -0.01 accel +6.26 -2.15 -7.27
52.822384 512192 	gyro +0.02 -0.00 -0.01 accel +6.23 -2.12 -7.28
52.826373 703680 	gyro +0.02 -0.00 -0.01 accel +6.23 -2.16 -7.26
52.830357 894912 	gyro +0.02 -0.00 -0.01 accel +6.26 -2.14 -7.25
52.834341 086144 	gyro +0.02 -0.00 -0.01 accel +6.23 -2.14 -7.26
52.838325 277376 	gyro +0.02 -0.00 -0.01 accel +6.25 -2.10 -7.23
52.842309 468608 	gyro +0.02 -0.00 -0.01 accel +6.25 -2.16 -7.26
52.846293 659840 	gyro +0.02 -0.00 -0.01 accel +6.23 -2.15 -7.25
52.850277 851072 	gyro +0.02 -0.00 -0.01 accel +6.25 -2.18 -7.26
52.854261 042304 	gyro +0.02 -0.00 -0.01 accel +6.24 -2.16 -7.26
52.858245 233536 	gyro +0.02 -0.00 -0.01 accel +6.26 -2.14 -7.25
52.862229 424768 	gyro +0.02 -0.00 -0.01 accel +6.26 -2.13 -7.25
52.866213 616000 	gyro +0.02 -0.00 -0.01 accel +6.25 -2.15 -7.25
52.870197 807232 	gyro +0.02 -0.00 -0.01 accel +6.23 -2.14 -7.24
52.874181 998464 	gyro +0.02 -0.01 -0.01 accel +6.27 -2.17 -7.26
52.878165 189696 	gyro +0.02 -0.00 -0.01 accel +6.24 -2.16 -7.28
52.882149 380928 	gyro +0.02 -0.00 -0.01 accel +6.23 -2.18 -7.27
52.886133 572160 	gyro +0.02 -0.00 -0.01 accel +6.26 -2.17 -7.28
52.890117 763392 	gyro +0.02 -0.00 -0.01 accel +6.26 -2.12 -7.25
52.894101 954624 	gyro +0.02 -0.00 -0.01 accel +6.25 -2.17 -7.24
52.898085 145856 	gyro +0.02 -0.00 -0.01 accel +6.24 -2.16 -7.23
52.902069 337088 	gyro +0.02 -0.00 -0.01 accel +6.25 -2.14 -7.28
52.906053 528320 	gyro +0.02 -0.00 -0.01 accel +6.23 -2.16 -7.29
52.910037 719552 	gyro +0.02 -0.00 -0.01 accel +6.24 -2.14 -7.27
52.914021 910784 	gyro +0.02 -0.00 -0.01 accel +6.23 -2.15 -7.28
52.918005 102016 	gyro +0.02 -0.00 -0.01 accel +6.23 -2.11 -7.27
52.921989 293248 	gyro +0.02 -0.00 -0.01 accel +6.24 -2.15 -7.27
52.925973 484480 	gyro +0.02 -0.00 -0.01 accel +6.22 -2.14 -7.25
52.929963 675968 	gyro +0.02 -0.00 -0.01 accel +6.24 -2.13 -7.25
52.933947 867200 	gyro +0.02 -0.00 -0.01 accel +6.22 -2.14 -7.27
52.937931 058432 	gyro +0.02 -0.01 -0.01 accel +6.23 -2.15 -7.28
52.941915 249664 	gyro +0.02 -0.00 -0.01 accel +6.25 -2.12 -7.26
52.945899 440896 	gyro +0.02 -0.00 -0.01 accel +6.22 -2.14 -7.28
52.949883 632128 	gyro +0.02 -0.00 -0.01 accel +6.24 -2.15 -7.27
52.953867 823360 	gyro +0.02 -0.00 -0.01 accel +6.24 -2.16 -7.26
52.957851 014592 	gyro +0.02 -0.00 -0.01 accel +6.24 -2.13 -7.25
52.961835 205824 	gyro +0.02 -0.00 -0.01 accel +6.23 -2.17 -7.25
52.965819 397056 	gyro +0.02 -0.00 -0.01 accel +6.23 -2.17 -7.28
52.969803 588288 	gyro +0.02 -0.00 -0.01 accel +6.25 -2.19 -7.26
52.973787 779520 	gyro +0.02 -0.00 -0.01 accel +6.25 -2.16 -7.27
52.977771 970752 	gyro +0.02 -0.00 -0.01 accel +6.20 -2.17 -7.27
52.981755 161984 	gyro +0.02 -0.00 -0.01 accel +6.24 -2.14 -7.26
52.985739 353216 	gyro +0.02 -0.00 -0.01 accel +6.23 -2.14 -7.27
52.989723 544448 	gyro +0.02 -0.00 -0.01 accel +6.24 -2.16 -7.26
52.993707 735680 	gyro +0.02 -0.00 -0.01 accel +6.23 -2.15 -7.27
52.997691 926912 	gyro +0.02 -0.00 -0.01 accel +6.24 -2.15 -7.25
53.001675 118144 	gyro +0.02 -0.00 -0.01 accel +6.23 -2.15 -7.25
53.005659 309376 	gyro +0.02 -0.00 -0.01 accel +6.26 -2.13 -7.26
53.009643 500608 	gyro +0.02 -0.00 -0.01 accel +6.25 -2.15 -7.25
53.013627 691840 	gyro +0.02 -0.01 -0.01 accel +6.27 -2.13 -7.23
53.017611 883072 	gyro +0.02 -0.00 -0.01 accel +6.26 -2.14 -7.26
53.021595 074304 	gyro +0.02 -0.01 -0.01 accel +6.23 -2.13 -7.26
53.025579 265536 	gyro +0.02 -0.00 -0.01 accel +6.24 -2.15 -7.26
53.029568 457024 	gyro +0.02 -0.00 -0.01 accel +6.25 -2.14 -7.26
53.033552 648256 	gyro +0.02 -0.00 -0.01 accel +6.25 -2.15 -7.24
53.037536 839488 	gyro +0.02 -0.00 -0.01 accel +6.26 -2.16 -7.26
53.041520 030720 	gyro +0.02 -0.00 -0.01 accel +6.25 -2.16 -7.28
53.045504 221952 	gyro +0.02 -0.00 -0.01 accel +6.25 -2.14 -7.24
53.049488 413184 	gyro +0.02 -0.00 -0.01 accel +6.28 -2.17 -7.27
53.053472 604416 	gyro +0.02 -0.00 -0.01 accel +6.22 -2.19 -7.28
53.057456 795648 	gyro +0.02 -0.00 -0.01 accel +6.24 -2.15 -7.27
53.061440 986880 	gyro +0.02 -0.00 -0.01 accel +6.23 -2.17 -7.28
53.065424 178112 	gyro +0.02 -0.00 -0.01 accel +6.21 -2.16 -7.25
53.069408 369344 	gyro +0.02 -0.00 -0.01 accel +6.26 -2.17 -7.25
53.073392 560576 	gyro +0.02 -0.00 -0.01 accel +6.25 -2.15 -7.27
53.077376 751808 	gyro +0.02 -0.00 -0.01 accel +6.22 -2.18 -7.27
53.081360 943040 	gyro +0.02 +0.00 -0.01 accel +6.23 -2.15 -7.25
53.085344 134272 	gyro +0.02 -0.00 -0.01 accel +6.25 -2.13 -7.27
53.089328 325504 	gyro +0.02 -0.00 -0.01 accel +6.22 -2.15 -7.28
53.093312 516736 	gyro +0.02 -0.00 -0.01 accel +6.22 -2.15 -7.27
53.097296 707968 	gyro +0.02 -0.00 -0.01 accel +6.26 -2.14 -7.28
53.101280 899200 	gyro +0.02 -0.00 -0.01 accel +6.25 -2.14 -7.29
53.105264 090432 	gyro +0.02 -0.00 -0.01 accel +6.26 -2.15 -7.24
53.109248 281664 	gyro +0.02 -0.00 -0.01 accel +6.27 -2.13 -7.28
53.113232 472896 	gyro +0.02 -0.00 -0.01 accel +6.23 -2.14 -7.24
53.117216 664128 	gyro +0.02 -0.01 -0.01 accel +6.25 -2.13 -7.27
53.121200 855360 	gyro +0.02 -0.00 -0.01 accel +6.25 -2.16 -7.28
53.125184 046592 	gyro +0.02 -0.00 -0.01 accel +6.26 -2.12 -7.24
53.129168 237824 	gyro +0.02 -0.00 -0.01 accel +6.27 -2.15 -7.26
53.133157 429312 	gyro +0.02 -0.00 -0.01 accel +6.25 -2.11 -7.25
53.137141 620544 	gyro +0.02 -0.00 -0.01 accel +6.24 -2.13 -7.25
53.141125 811776 	gyro +0.02 -0.00 -0.01 accel +6.22 -2.15 -7.26
53.145109 003008 	gyro +0.02 -0.00 -0.01 accel +6.22 -2.13 -7.27
53.149093 194240 	gyro +0.02 -0.00 -0.01 accel +6.25 -2.16 -7.25
53.153077 385472 	gyro +0.02 -0.00 -0.01 accel +6.23 -2.15 -7.25
53.157061 576704 	gyro +0.02 -0.01 -0.01 accel +6.24 -2.15 -7.25
53.161045 767936 	gyro +0.02 -0.00 -0.01 accel +6.20 -2.14 -7.25
53.165029 959168 	gyro +0.02 -0.00 -0.01 accel +6.24 -2.14 -7.26
53.169013 150400 	gyro +0.02 -0.01 -0.01 accel +6.25 -2.16 -7.28
53.172997 341632 	gyro +0.02 -0.00 -0.01 accel +6.19 -2.15 -7.27
53.176981 532864 	gyro +0.02 -0.00 -0.01 accel +6.23 -2.16 -7.26
53.180965 724096 	gyro +0.02 -0.00 -0.01 accel +6.20 -2.15 -7.28
53.184949 915328 	gyro +0.02 -0.00 -0.01 accel +6.24 -2.16 -7.28
53.188933 106560 	gyro +0.02 -0.00 -0.01 accel +6.22 -2.16 -7.26
53.192917 297792 	gyro +0.02 -0.00 -0.01 accel +6.22 -2.17 -7.27
53.196901 489024 	gyro +0.02 -0.00 -0.01 accel +6.25 -2.12 -7.27
53.200885 680256 	gyro +0.02 -0.00 -0.01 accel +6.24 -2.13 -7.29
53.204869 871488 	gyro +0.02 -0.00 -0.01 accel +6.22 -2.14 -7.26
53.208853 062720 	gyro +0.02 -0.00 -0.01 accel +6.26 -2.15 -7.25
53.212837 253952 	gyro +0.02 -0.00 -0.01 accel +6.25 -2.11 -7.24
53.216821 445184 	gyro +0.02 -0.00 -0.01 accel +6.25 -2.14 -7.27
53.220805 636416 	gyro +0.02 -0.00 -0.01 accel +6.24 -2.16 -7.25
53.224789 827648 	gyro +0.02 -0.00 -0.01 accel +6.23 -2.16 -7.28
53.228773 018880 	gyro +0.02 -0.00 -0.01 accel +6.25 -2.14 -7.26
53.232763 210368 	gyro +0.02 -0.00 -0.01 accel +6.27 -2.14 -7.26
53.236747 401600 	gyro +0.02 -0.00 -0.01 accel +6.26 -2.14 -7.27
53.240731 592832 	gyro +0.02 -0.00 -0.01 accel +6.25 -2.14 -7.26
53.244715 784064 	gyro +0.02 -0.00 -0.01 accel +6.23 -2.19 -7.24
53.248699 975296 	gyro +0.02 -0.00 -0.01 accel +6.24 -2.10 -7.29
53.252683 166528 	gyro +0.02 -0.00 -0.01 accel +6.23 -2.14 -7.27
53.256667 357760 	gyro +0.02 -0.01 -0.01 accel +6.23 -2.17 -7.25
53.260651 548992 	gyro +0.02 -0.01 -0.01 accel +6.23 -2.15 -7.28
53.264635 740224 	gyro +0.02 -0.00 -0.01 accel +6.26 -2.17 -7.25
53.268619 931456 	gyro +0.02 -0.00 -0.01 accel +6.26 -2.17 -7.29
53.272603 122688 	gyro +0.02 -0.00 -0.01 accel +6.29 -2.16 -7.29
53.276587 313920 	gyro +0.02 -0.01 -0.01 accel +6.20 -2.10 -7.26
53.280571 505152 	gyro +0.03 +0.00 -0.01 accel +6.21 -2.18 -7.21
53.284555 696384 	gyro +0.02 +0.01 -0.01 accel +6.25 -2.15 -7.21
53.288539 887616 	gyro +0.01 +0.00 -0.01 accel +6.30 -2.14 -7.31
53.292523 078848 	gyro +0.02 -0.01 -0.01 accel +6.20 -2.13 -7.28
53.296507 270080 	gyro +0.03 -0.01 -0.01 accel +6.18 -2.16 -7.24
53.300491 461312 	gyro +0.02 +0.00 -0.01 accel +6.30 -2.15 -7.29
53.304475 652544 	gyro +0.02 -0.00 -0.01 accel +6.19 -2.13 -7.25
53.308459 843776 	gyro +0.02 -0.00 -0.01 accel +6.22 -2.14 -7.24
53.312443 035008 	gyro +0.02 -0.00 -0.01 accel +6.26 -2.16 -7.26
53.316427 226240 	gyro +0.01 -0.00 -0.01 accel +6.24 -2.12 -7.28
53.320411 417472 	gyro +0.02 -0.01 -0.01 accel +6.21 -2.12 -7.27
53.324395 608704 	gyro +0.03 -0.01 -0.01 accel +6.27 -2.13 -7.29
53.328379 799936 	gyro +0.02 +0.00 -0.01 accel +6.23 -2.12 -7.28
53.332363 991168 	gyro +0.02 -0.00 -0.01 accel +6.27 -2.13 -7.26
53.336352 182656 	gyro +0.02 -0.01 -0.01 accel +6.22 -2.13 -7.27
53.340336 373888 	gyro +0.02 -0.01 -0.01 accel +6.26 -2.16 -7.30
53.344320 565120 	gyro +0.02 -0.00 -0.01 accel +6.27 -2.19 -7.26
53.348304 756352 	gyro +0.03 -0.00 -0.01 accel +6.22 -2.16 -7.26
53.352288 947584 	gyro +0.03 -0.00 -0.01 accel +6.27 -2.16 -7.25
53.356272 138816 	gyro +0.02 -0.00 -0.01 accel +6.29 -2.14 -7.29
53.360256 330048 	gyro +0.02 -0.01 -0.01 accel +6.13 -2.13 -7.29

