1.087648 710080 	gyro +0.03 -0.00 -0.01 accel -0.39 +0.09 +9.96
1.091632 901312 	gyro +0.03 +0.00 -0.01 accel -0.37 +0.05 +9.93
1.095616 092544 	gyro +0.03 +0.00 -0.01 accel -0.38 +0.09 +9.91
1.099600 283776 	gyro +0.03 +0.00 -0.01 accel -0.40 +0.07 +9.93
1.103584 475008 	gyro +0.03 +0.00 -0.01 accel -0.39 +0.10 +9.93
1.107568 666240 	gyro +0.03 +0.00 -0.01 accel -0.37 +0.14 +9.92
1.111552 857472 	gyro +0.03 +0.00 -0.01 accel -0.39 +0.13 +9.91
1.115536 048704 	gyro +0.03 +0.00 -0.01 accel -0.36 +0.14 +9.91
1.119520 239936 	gyro +0.03 +0.00 -0.01 accel -0.40 +0.12 +9.92
1.123504 431168 	gyro +0.03 +0.00 -0.01 accel -0.38 +0.11 +9.91
1.127488 622400 	gyro +0.02 +0.00 -0.01 accel -0.37 +0.12 +9.91
1.131472 813632 	gyro +0.02 +0.00 -0.01 accel -0.37 +0.11 +9.91
1.135456 004864 	gyro +0.02 +0.00 -0.01 accel -0.39 +0.12 +9.91
1.139440 196096 	gyro +0.02 +0.00 -0.01 accel -0.41 +0.15 +9.91
1.143424 387328 	gyro +0.02 +0.00 -0.01 accel -0.37 +0.13 +9.95
1.147408 578560 	gyro +0.02 +0.00 -0.01 accel -0.39 +0.10 +9.92
1.151392 769792 	gyro +0.02 +0.00 -0.01 accel -0.37 +0.12 +9.93
1.155376 961024 	gyro +0.02 +0.00 -0.01 accel -0.37 +0.11 +9.93
1.159360 152256 	gyro +0.02 +0.00 -0.01 accel -0.39 +0.08 +9.92
1.163344 343488 	gyro +0.02 +0.00 -0.01 accel -0.38 +0.12 +9.95
1.167328 534720 	gyro +0.02 +0.00 -0.01 accel -0.40 +0.09 +9.93
1.171312 725952 	gyro +0.02 +0.00 -0.01 accel -0.37 +0.12 +9.91
1.175296 917184 	gyro +0.02 +0.00 -0.01 accel -0.36 +0.09 +9.93
1.179280 108416 	gyro +0.02 +0.00 -0.01 accel -0.39 +0.12 +9.93
1.183264 299648 	gyro +0.02 +0.00 -0.01 accel -0.38 +0.10 +9.93
1.187248 490880 	gyro +0.02 +0.00 -0.01 accel -0.38 +0.09 +9.95
1.191232 682112 	gyro +0.02 +0.00 -0.01 accel -0.41 +0.08 +9.92
1.195216 873344 	gyro +0.02 +0.00 -0.01 accel -0.41 +0.09 +9.92
1.199200 064576 	gyro +0.02 +0.00 -0.01 accel -0.39 +0.06 +9.92
1.203184 255808 	gyro +0.02 +0.00 -0.01 accel -0.40 +0.05 +9.91
1.207168 447040 	gyro +0.02 +0.00 -0.01 accel -0.40 +0.06 +9.92
1.211152 638272 	gyro +0.02 +0.00 -0.01 accel -0.41 +0.06 +9.93
1.215136 829504 	gyro +0.02 +0.00 -0.01 accel -0.41 +0.07 +9.93
1.219120 020736 	gyro +0.02 +0.00 -0.01 accel -0.40 +0.08 +9.93
1.223109 212224 	gyro +0.02 +0.00 -0.01 accel -0.38 +0.06 +9.91
1.227093 403456 	gyro +0.02 +0.00 -0.01 accel -0.42 +0.11 +9.92
1.231077 594688 	gyro +0.02 +0.00 -0.01 accel -0.41 +0.10 +9.96
1.235061 785920 	gyro +0.02 +0.00 -0.01 accel -0.37 +0.08 +9.92
1.239045 977152 	gyro +0.02 +0.00 -0.01 accel -0.39 +0.08 +9.94
1.243029 168384 	gyro +0.03 +0.00 -0.01 accel -0.41 +0.05 +9.94
1.247013 359616 	gyro +0.03 +0.00 -0.01 accel -0.42 +0.09 +9.95
1.250997 550848 	gyro +0.02 +0.00 -0.01 accel -0.41 +0.09 +9.96
1.254981 742080 	gyro +0.03 +0.00 -0.01 accel -0.42 +0.11 +9.93
1.258965 933312 	gyro +0.02 +0.00 -0.01 accel -0.40 +0.11 +9.92
1.262949 124544 	gyro +0.03 +0.00 -0.01 accel -0.42 +0.13 +9.93
1.266933 315776 	gyro +0.03 +0.00 -0.01 accel -0.42 +0.09 +9.93
1.270917 507008 	gyro +0.03 +0.00 -0.01 accel -0.39 +0.12 +9.94
1.274901 698240 	gyro +0.02 +0.00 -0.01 accel -0.42 +0.09 +9.91
1.278885 889472 	gyro +0.03 +0.00 -0.01 accel -0.40 +0.11 +9.91
1.282869 080704 	gyro +0.02 +0.00 -0.01 accel -0.40 +0.10 +9.91
1.286853 271936 	gyro +0.02 +0.00 -0.01 accel -0.42 +0.09 +9.90
1.290837 463168 	gyro +0.02 +0.00 -0.01 accel -0.41 +0.11 +9.91
1.294821 654400 	gyro +0.02 +0.00 -0.01 accel -0.40 +0.10 +9.93
1.298805 845632 	gyro +0.02 +0.00 -0.01 accel -0.40 +0.11 +9.94
1.302789 036864 	gyro +0.02 +0.00 -0.01 accel -0.37 +0.10 +9.91
1.306773 228096 	gyro +0.02 +0.00 -0.01 accel -0.38 +0.10 +9.93
1.310757 419328 	gyro +0.02 +0.00 -0.01 accel -0.38 +0.11 +9.94
1.314741 610560 	gyro +0.02 +0.00 -0.01 accel -0.38 +0.11 +9.92
1.318725 801792 	gyro +0.02 +0.00 -0.01 accel -0.39 +0.09 +9.94
1.322709 993024 	gyro +0.02 +0.00 -0.01 accel -0.36 +0.12 +9.93
1.326693 184256 	gyro +0.02 +0.00 -0.01 accel -0.39 +0.12 +9.94
1.330677 375488 	gyro +0.02 +0.00 -0.01 accel -0.39 +0.11 +9.93
1.334661 566720 	gyro +0.02 +0.00 -0.01 accel -0.37 +0.09 +9.95
1.338645 757952 	gyro +0.02 +0.00 -0.01 accel -0.38 +0.10 +9.91
1.342629 949184 	gyro +0.02 +0.00 -0.01 accel -0.39 +0.09 +9.92
1.346613 140416 	gyro +0.02 +0.00 -0.01 accel -0.39 +0.13 +9.92
1.350597 331648 	gyro +0.02 +0.00 -0.01 accel -0.37 +0.11 +9.93
1.354581 522880 	gyro +0.02 +0.00 -0.01 accel -0.40 +0.11 +9.93
1.358565 714112 	gyro +0.02 +0.00 -0.01 accel -0.38 +0.08 +9.92
1.362549 905344 	gyro +0.02 +0.00 -0.01 accel -0.39 +0.12 +9.92
1.366533 096576 	gyro +0.02 +0.00 -0.01 accel -0.40 +0.09 +9.95
1.370517 287808 	gyro +0.02 +0.00 -0.01 accel -0.40 +0.08 +9.92
1.374501 479040 	gyro +0.02 +0.00 -0.01 accel -0.38 +0.12 +9.94
1.378485 670272 	gyro +0.02 +0.00 -0.01 accel -0.39 +0.11 +9.93
1.382469 861504 	gyro +0.02 +0.00 -0.01 accel -0.40 +0.10 +9.95
1.386453 052736 	gyro +0.02 +0.00 -0.01 accel -0.38 +0.13 +9.92
1.390437 243968 	gyro +0.03 +0.00 -0.01 accel -0.41 +0.10 +9.93
1.394421 435200 	gyro +0.03 +0.00 -0.01 accel -0.40 +0.10 +9.91
1.398405 626432 	gyro +0.02 +0.00 -0.01 accel -0.37 +0.11 +9.93
1.402389 817664 	gyro +0.03 -0.00 -0.01 accel -0.40 +0.10 +9.91
1.406373 008896 	gyro +0.02 +0.00 -0.01 accel -0.41 +0.10 +9.93
1.410357 200128 	gyro +0.02 +0.00 -0.01 accel -0.39 +0.13 +9.93
1.414341 391360 	gyro +0.02 +0.00 -0.01 accel -0.40 +0.10 +9.94
1.418325 582592 	gyro +0.02 +0.00 -0.01 accel -0.41 +0.07 +9.94
1.422309 773824 	gyro +0.02 +0.00 -0.01 accel -0.39 +0.12 +9.90
1.426293 965056 	gyro +0.02 +0.00 -0.01 accel -0.39 +0.07 +9.94
1.430277 156288 	gyro +0.02 +0.00 -0.01 accel -0.38 +0.08 +9.91
1.434261 347520 	gyro +0.02 +0.00 -0.01 accel -0.39 +0.09 +9.94
1.438245 538752 	gyro +0.02 +0.00 -0.01 accel -0.43 +0.08 +9.92
1.442229 729984 	gyro +0.02 +0.00 -0.01 accel -0.42 +0.07 +9.93
1.446213 921216 	gyro +0.02 +0.00 -0.01 accel -0.39 +0.08 +9.91
1.450197 112448 	gyro +0.03 +0.00 -0.01 accel -0.41 +0.07 +9.92
1.454181 303680 	gyro +0.03 +0.00 -0.01 accel -0.39 +0.07 +9.91
1.458165 494912 	gyro +0.03 +0.00 -0.01 accel -0.39 +0.10 +9.91
1.462149 686144 	gyro +0.03 -0.00 -0.01 accel -0.40 +0.11 +9.94
1.466133 877376 	gyro +0.03 +0.00 -0.01 accel -0.40 +0.08 +9.91
1.470117 068608 	gyro +0.03 +0.00 -0.01 accel -0.40 +0.11 +9.93
1.474101 259840 	gyro +0.03 +0.00 -0.01 accel -0.39 +0.14 +9.93
1.478085 451072 	gyro +0.02 +0.00 -0.01 accel -0.39 +0.09 +9.94
1.482069 642304 	gyro +0.02 -0.00 -0.01 accel -0.39 +0.11 +9.93
1.486053 833536 	gyro +0.02 +0.00 -0.01 accel -0.39 +0.09 +9.89
1.490037 024768 	gyro +0.02 +0.00 -0.01 accel -0.41 +0.12 +9.93
1.494021 216000 	gyro +0.02 +0.00 -0.01 accel -0.40 +0.08 +9.93
1.498005 407232 	gyro +0.02 +0.00 -0.01 accel -0.37 +0.08 +9.93
1.501989 598464 	gyro +0.02 +0.00 -0.01 accel -0.40 +0.09 +9.92
1.505973 789696 	gyro +0.02 +0.00 -0.01 accel -0.38 +0.10 +9.92
1.509957 980928 	gyro +0.02 +0.00 -0.01 accel -0.40 +0.08 +9.91
1.513941 172160 	gyro +0.02 +0.00 -0.01 accel -0.39 +0.08 +9.92
1.517925 363392 	gyro +0.02 +0.00 -0.01 accel -0.39 +0.07 +9.91
1.521909 554624 	gyro +0.02 +0.00 -0.01 accel -0.40 +0.12 +9.90
1.525893 745856 	gyro +0.02 +0.00 -0.01 accel -0.40 +0.07 +9.91
1.529883 937344 	gyro +0.02 +0.00 -0.01 accel -0.40 +0.11 +9.92
1.533867 128576 	gyro +0.03 +0.00 -0.01 accel -0.41 +0.08 +9.92
1.537851 319808 	gyro +0.02 +0.00 -0.01 accel -0.40 +0.10 +9.93
1.541835 511040 	gyro +0.02 +0.00 -0.01 accel -0.39 +0.13 +9.91
1.545819 702272 	gyro +0.02 +0.00 -0.01 accel -0.40 +0.10 +9.91
1.549803 893504 	gyro +0.02 +0.00 -0.01 accel -0.40 +0.12 +9.93
1.553787 084736 	gyro +0.02 +0.00 -0.01 accel -0.40 +0.09 +9.94
1.557771 275968 	gyro +0.02 +0.00 -0.01 accel -0.38 +0.10 +9.90
1.561755 467200 	gyro +0.02 +0.00 -0.01 accel -0.42 +0.07 +9.94
1.565739 658432 	gyro +0.02 +0.00 -0.01 accel -0.40 +0.07 +9.93
1.569723 849664 	gyro +0.02 +0.00 -0.01 accel -0.40 +0.09 +9.91
1.573707 040896 	gyro +0.02 +0.00 -0.01 accel -0.36 +0.10 +9.92
1.577691 232128 	gyro +0.02 +0.00 -0.01 accel -0.38 +0.08 +9.92
1.581675 423360 	gyro +0.02 +0.00 -0.01 accel -0.40 +0.08 +9.93
1.585659 614592 	gyro +0.02 +0.00 -0.01 accel -0.42 +0.08 +9.93
1.589643 805824 	gyro +0.03 +0.00 -0.01 accel -0.41 +0.11 +9.92
1.593627 997056 	gyro +0.03 -0.00 -0.01 accel -0.41 +0.10 +9.92
1.597611 188288 	gyro +0.03 +0.00 -0.01 accel -0.37 +0.10 +9.91
1.601595 379520 	gyro +0.03 +0.00 -0.01 accel -0.40 +0.10 +9.91
1.605579 570752 	gyro +0.03 +0.00 -0.01 accel -0.38 +0.13 +9.94
1.609563 761984 	gyro +0.03 +0.00 -0.01 accel -0.39 +0.12 +9.93
1.613547 953216 	gyro +0.03 +0.00 -0.01 accel -0.37 +0.09 +9.93
1.617531 144448 	gyro +0.02 +0.00 -0.01 accel -0.40 +0.13 +9.91
1.621515 335680 	gyro +0.02 +0.00 -0.01 accel -0.37 +0.09 +9.93
1.625499 526912 	gyro +0.02 +0.00 -0.01 accel -0.41 +0.10 +9.93
1.629483 718144 	gyro +0.02 +0.00 -0.01 accel -0.38 +0.11 +9.93
1.633467 909376 	gyro +0.02 +0.00 -0.01 accel -0.38 +0.08 +9.92
1.637451 100608 	gyro +0.02 -0.00 -0.01 accel -0.39 +0.08 +9.93
1.641435 291840 	gyro +0.02 +0.00 -0.01 accel -0.38 +0.12 +9.93
1.645419 483072 	gyro +0.02 +0.00 -0.01 accel -0.38 +0.10 +9.92
1.649403 674304 	gyro +0.02 +0.00 -0.01 accel -0.35 +0.10 +9.92
1.653387 865536 	gyro +0.02 +0.00 -0.01 accel -0.40 +0.10 +9.92
1.657371 056768 	gyro +0.02 +0.00 -0.01 accel -0.37 +0.11 +9.93
1.661355 248000 	gyro +0.03 +0.00 -0.01 accel -0.39 +0.08 +9.93
1.665339 439232 	gyro +0.03 +0.00 -0.01 accel -0.37 +0.12 +9.93
1.669323 630464 	gyro +0.02 +0.00 -0.01 accel -0.37 +0.11 +9.93
1.673307 821696 	gyro +0.02 -0.00 -0.01 accel -0.38 +0.11 +9.93
1.677291 012928 	gyro +0.02 +0.00 -0.01 accel -0.38 +0.09 +9.93
1.681275 204160 	gyro +0.02 +0.00 -0.01 accel -0.40 +0.10 +9.92
1.685259 395392 	gyro +0.02 +0.00 -0.01 accel -0.38 +0.10 +9.93
1.689243 586624 	gyro +0.02 +0.00 -0.01 accel -0.36 +0.10 +9.92
1.693227 777856 	gyro +0.02 +0.00 -0.01 accel -0.39 +0.07 +9.94
1.697211 969088 	gyro +0.02 -0.00 -0.01 accel -0.42 +0.10 +9.94
1.701195 160320 	gyro +0.02 +0.00 -0.01 accel -0.36 +0.09 +9.94
1.705179 351552 	gyro +0.02 +0.00 -0.01 accel -0.39 +0.09 +9.96
1.709163 542784 	gyro +0.02 +0.00 -0.01 accel -0.41 +0.09 +9.94
1.713147 734016 	gyro +0.02 +0.00 -0.01 accel -0.40 +0.09 +9.95
1.717131 925248 	gyro +0.02 +0.00 -0.01 accel -0.40 +0.12 +9.93
1.721115 116480 	gyro +0.02 +0.00 -0.01 accel -0.41 +0.11 +9.95
1.725099 307712 	gyro +0.02 +0.00 -0.01 accel -0.42 +0.10 +9.93
1.729083 498944 	gyro +0.02 +0.00 -0.01 accel -0.44 +0.12 +9.92
1.733067 690176 	gyro +0.02 +0.00 -0.01 accel -0.40 +0.11 +9.94
1.737051 881408 	gyro +0.02 +0.00 -0.01 accel -0.38 +0.12 +9.92
1.741035 072640 	gyro +0.02 -0.00 -0.01 accel -0.38 +0.11 +9.92
1.745019 263872 	gyro +0.02 +0.00 -0.01 accel -0.39 +0.09 +9.91
1.749003 455104 	gyro +0.02 +0.00 -0.01 accel -0.39 +0.10 +9.92
1.752987 646336 	gyro +0.02 +0.00 -0.01 accel -0.40 +0.10 +9.92
1.756971 837568 	gyro +0.02 +0.00 -0.01 accel -0.39 +0.09 +9.94
1.760955 028800 	gyro +0.02 +0.00 -0.01 accel -0.39 +0.11 +9.90
1.764939 220032 	gyro +0.02 +0.00 -0.01 accel -0.40 +0.12 +9.93
1.768923 411264 	gyro +0.02 +0.00 -0.01 accel -0.39 +0.11 +9.93
1.772907 602496 	gyro +0.02 +0.00 -0.01 accel -0.38 +0.08 +9.92
1.776891 793728 	gyro +0.02 +0.00 -0.01 accel -0.41 +0.10 +9.93
1.780875 984960 	gyro +0.02 +0.00 -0.01 accel -0.39 +0.08 +9.91
1.784859 176192 	gyro +0.02 +0.00 -0.01 accel -0.39 +0.05 +9.91
1.788843 367424 	gyro +0.02 +0.00 -0.01 accel -0.41 +0.12 +9.94
1.792827 558656 	gyro +0.02 +0.00 -0.01 accel -0.39 +0.12 +9.91
1.796811 749888 	gyro +0.02 +0.00 -0.01 accel -0.38 +0.08 +9.93
1.800795 941120 	gyro +0.02 +0.00 -0.01 accel -0.37 +0.09 +9.92
1.804779 132352 	gyro +0.03 +0.00 -0.01 accel -0.38 +0.09 +9.94
1.808763 323584 	gyro +0.03 +0.00 -0.01 accel -0.38 +0.10 +9.93
1.812747 514816 	gyro +0.03 +0.00 -0.01 accel -0.36 +0.11 +9.94
1.816731 706048 	gyro +0.03 +0.00 -0.01 accel -0.36 +0.09 +9.93
1.820715 897280 	gyro +0.03 +0.00 -0.01 accel -0.36 +0.11 +9.93
1.824699 088512 	gyro +0.03 +0.00 -0.01 accel -0.36 +0.13 +9.92
1.828683 279744 	gyro +0.02 +0.00 -0.01 accel -0.38 +0.11 +9.91
1.832672 471232 	gyro +0.02 +0.00 -0.01 accel -0.40 +0.10 +9.95
1.836656 662464 	gyro +0.02 +0.00 -0.01 accel -0.42 +0.12 +9.92
1.840640 853696 	gyro +0.02 +0.00 -0.01 accel -0.38 +0.10 +9.94
1.844624 044928 	gyro +0.02 +0.00 -0.01 accel -0.40 +0.11 +9.92
1.848608 236160 	gyro +0.02 +0.00 -0.01 accel -0.39 +0.12 +9.93
1.852592 427392 	gyro +0.02 +0.00 -0.01 accel -0.39 +0.12 +9.91
1.856576 618624 	gyro +0.02 +0.00 -0.01 accel -0.40 +0.11 +9.91
1.860560 809856 	gyro +0.02 +0.00 -0.01 accel -0.41 +0.11 +9.92
1.864544 001088 	gyro +0.02 +0.00 -0.01 accel -0.40 +0.09 +9.93
1.868528 192320 	gyro +0.02 +0.00 -0.01 accel -0.40 +0.11 +9.90
1.872512 383552 	gyro +0.03 +0.00 -0.01 accel -0.39 +0.11 +9.92
1.876496 574784 	gyro +0.02 +0.00 -0.01 accel -0.40 +0.07 +9.91
1.880480 766016 	gyro +0.02 +0.00 -0.01 accel -0.42 +0.11 +9.91
1.884464 957248 	gyro +0.02 +0.00 -0.01 accel -0.41 +0.10 +9.93
1.888448 148480 	gyro +0.02 +0.00 -0.01 accel -0.40 +0.10 +9.92
1.892432 339712 	gyro +0.02 +0.00 -0.01 accel -0.38 +0.11 +9.91
1.896416 530944 	gyro +0.02 +0.00 -0.01 accel -0.40 +0.08 +9.93
1.900400 722176 	gyro +0.02 +0.00 -0.01 accel -0.40 +0.07 +9.93
1.904384 913408 	gyro +0.02 +0.00 -0.01 accel -0.40 +0.08 +9.94
1.908368 104640 	gyro +0.02 +0.00 -0.01 accel -0.41 +0.07 +9.94
1.912352 295872 	gyro +0.02 +0.00 -0.01 accel -0.43 +0.11 +9.94

