5.096123 486720 	gyro +0.02 -0.02 -0.01 accel +0.67 +7.14 +6.68
5.100107 677952 	gyro +0.01 -0.01 -0.01 accel +0.66 +7.19 +6.71
5.104091 869184 	gyro +0.01 -0.01 -0.01 accel +0.69 +7.20 +6.76
5.108075 060416 	gyro +0.02 +0.00 -0.01 accel +0.70 +7.25 +6.78
5.112059 251648 	gyro +0.02 +0.01 -0.01 accel +0.69 +7.28 +6.77
5.116043 442880 	gyro +0.02 +0.01 -0.01 accel +0.68 +7.27 +6.79
5.120027 634112 	gyro +0.03 -0.00 -0.01 accel +0.67 +7.23 +6.76
5.124016 825600 	gyro +0.02 -0.01 -0.01 accel +0.72 +7.21 +6.75
5.128000 016832 	gyro +0.02 -0.01 -0.01 accel +0.66 +7.22 +6.75
5.131984 208064 	gyro +0.01 +0.00 -0.01 accel +0.80 +7.18 +6.63
5.135968 399296 	gyro +0.03 -0.00 -0.01 accel +0.71 +7.39 +6.68
5.139952 590528 	gyro +0.02 +0.01 -0.01 accel +0.79 +7.41 +6.82
5.143936 781760 	gyro +0.02 +0.02 -0.01 accel +0.70 +7.24 +6.84
5.147920 972992 	gyro +0.02 +0.01 -0.00 accel +0.76 +7.19 +6.78
5.151904 164224 	gyro +0.03 -0.03 -0.00 accel +0.72 +7.17 +6.67
5.155888 355456 	gyro +0.01 -0.03 -0.01 accel +0.78 +7.20 +6.72
5.159872 546688 	gyro +0.02 -0.01 -0.01 accel +0.73 +7.24 +6.66
5.163856 737920 	gyro +0.02 -0.01 -0.01 accel +0.74 +7.29 +6.70
5.167840 929152 	gyro +0.02 -0.00 -0.01 accel +0.77 +7.33 +6.78
5.171829 120640 	gyro +0.02 +0.01 -0.01 accel +0.76 +7.33 +6.81
5.175813 311872 	gyro +0.03 +0.02 -0.01 accel +0.73 +7.26 +6.76
5.179797 503104 	gyro +0.03 +0.01 -0.01 accel +0.76 +7.26 +6.73
5.183781 694336 	gyro +0.02 -0.00 -0.01 accel +0.76 +7.19 +6.72
5.187765 885568 	gyro +0.02 -0.00 -0.01 accel +0.81 +7.17 +6.70
5.191749 076800 	gyro +0.02 -0.00 -0.01 accel +0.76 +7.22 +6.68
5.195733 268032 	gyro +0.02 -0.00 -0.01 accel +0.79 +7.25 +6.72
5.199717 459264 	gyro +0.02 +0.01 -0.01 accel +0.80 +7.33 +6.80
5.203701 650496 	gyro +0.02 +0.01 -0.01 accel +0.77 +7.31 +6.81
5.207685 841728 	gyro +0.03 +0.01 -0.01 accel +0.82 +7.26 +6.79
5.211669 032960 	gyro +0.02 -0.00 -0.01 accel +0.77 +7.23 +6.75
5.215659 224448 	gyro +0.02 -0.01 -0.01 accel +0.77 +7.21 +6.71
5.219643 415680 	gyro +0.02 -0.01 -0.01 accel +0.79 +7.18 +6.70
5.223627 606912 	gyro +0.02 -0.01 -0.01 accel +0.78 +7.23 +6.70
5.227611 798144 	gyro +0.02 +0.00 -0.01 accel +0.78 +7.21 +6.75
5.231595 989376 	gyro +0.02 +0.01 -0.01 accel +0.76 +7.24 +6.76
5.235579 180608 	gyro +0.03 +0.01 -0.01 accel +0.74 +7.26 +6.74
5.239563 371840 	gyro +0.03 +0.00 -0.01 accel +0.77 +7.24 +6.72
5.243547 563072 	gyro +0.02 +0.00 -0.01 accel +0.84 +7.21 +6.67
5.247531 754304 	gyro +0.03 +0.00 -0.01 accel +0.78 +7.37 +6.77
5.251515 945536 	gyro +0.02 +0.01 -0.01 accel +0.78 +7.29 +6.79
5.255499 136768 	gyro +0.02 +0.02 -0.01 accel +0.78 +7.24 +6.83
5.259483 328000 	gyro +0.02 +0.02 -0.01 accel +0.79 +7.18 +6.76
5.263472 519488 	gyro +0.04 -0.01 -0.00 accel +0.69 +7.09 +6.64
5.267456 710720 	gyro +0.02 -0.04 -0.01 accel +0.79 +7.11 +6.63
5.271440 901952 	gyro +0.01 -0.03 -0.01 accel +0.74 +7.13 +6.65
5.275424 093184 	gyro +0.02 -0.01 -0.01 accel +0.74 +7.32 +6.76
5.279408 284416 	gyro +0.01 +0.00 -0.01 accel +0.79 +7.43 +6.90
5.283392 475648 	gyro +0.01 +0.03 -0.01 accel +0.74 +7.40 +6.96
5.287376 666880 	gyro +0.03 +0.04 -0.01 accel +0.73 +7.27 +6.84
5.291360 858112 	gyro +0.05 +0.01 -0.00 accel +0.71 +7.16 +6.72
5.295344 049344 	gyro +0.04 -0.01 -0.00 accel +0.74 +7.09 +6.63
5.299328 240576 	gyro +0.02 -0.02 -0.01 accel +0.71 +7.01 +6.60
5.303312 431808 	gyro +0.00 -0.01 -0.01 accel +0.69 +7.13 +6.64
5.307296 623040 	gyro +0.01 -0.00 -0.01 accel +0.70 +7.29 +6.76
5.311285 814528 	gyro +0.01 +0.01 -0.01 accel +0.76 +7.43 +6.92
5.315269 005760 	gyro +0.03 +0.03 -0.01 accel +0.73 +7.45 +6.95
5.319253 196992 	gyro +0.04 +0.02 -0.01 accel +0.69 +7.31 +6.86
5.323237 388224 	gyro +0.04 -0.01 -0.00 accel +0.70 +7.19 +6.73
5.327221 579456 	gyro +0.02 -0.02 -0.01 accel +0.71 +7.10 +6.64
5.331205 770688 	gyro +0.01 -0.02 -0.01 accel +0.72 +7.08 +6.61
5.335189 961920 	gyro +0.01 -0.01 -0.01 accel +0.74 +7.14 +6.63
5.339173 153152 	gyro +0.01 +0.00 -0.01 accel +0.74 +7.26 +6.78
5.343157 344384 	gyro +0.02 +0.02 -0.01 accel +0.76 +7.33 +6.85
5.347141 535616 	gyro +0.03 +0.02 -0.01 accel +0.77 +7.38 +6.87
5.351125 726848 	gyro +0.04 +0.01 -0.01 accel +0.70 +7.33 +6.80
5.355115 918336 	gyro +0.03 -0.01 -0.01 accel +0.67 +7.15 +6.73
5.359099 109568 	gyro +0.02 -0.02 -0.01 accel +0.74 +7.16 +6.70
5.363083 300800 	gyro +0.01 -0.01 -0.01 accel +0.72 +7.21 +6.71
5.367067 492032 	gyro +0.01 +0.01 -0.01 accel +0.70 +7.22 +6.73
5.371051 683264 	gyro +0.02 +0.01 -0.01 accel +0.72 +7.26 +6.72
5.375035 874496 	gyro +0.03 +0.00 -0.01 accel +0.72 +7.21 +6.76
5.379019 065728 	gyro +0.02 -0.00 -0.01 accel +0.74 +7.23 +6.73
5.383003 256960 	gyro +0.02 -0.01 -0.01 accel +0.73 +7.24 +6.71
5.386987 448192 	gyro +0.02 -0.02 -0.01 accel +0.72 +7.29 +6.75
5.390971 639424 	gyro +0.01 -0.01 -0.01 accel +0.73 +7.36 +6.82
5.394955 830656 	gyro +0.01 +0.01 -0.01 accel +0.73 +7.34 +6.83
5.398939 021888 	gyro +0.03 +0.02 -0.01 accel +0.72 +7.27 +6.79
5.402928 213376 	gyro +0.04 +0.02 -0.01 accel +0.71 +7.24 +6.75
5.406912 404608 	gyro +0.03 +0.00 -0.01 accel +0.70 +7.13 +6.67
5.410896 595840 	gyro +0.02 -0.01 -0.01 accel +0.69 +7.08 +6.62
5.414880 787072 	gyro +0.01 -0.02 -0.01 accel +0.69 +7.14 +6.67
5.418864 978304 	gyro +0.01 -0.02 -0.01 accel +0.73 +7.26 +6.77
5.422848 169536 	gyro +0.01 +0.00 -0.01 accel +0.76 +7.37 +6.88
5.426832 360768 	gyro +0.03 +0.02 -0.01 accel +0.71 +7.37 +6.89
5.430816 552000 	gyro +0.04 +0.02 -0.01 accel +0.71 +7.30 +6.82
5.434800 743232 	gyro +0.04 +0.01 -0.01 accel +0.74 +7.18 +6.76
5.438784 934464 	gyro +0.03 -0.01 -0.00 accel +0.70 +7.07 +6.66
5.442768 125696 	gyro +0.02 -0.02 -0.01 accel +0.72 +7.07 +6.58
5.446752 316928 	gyro +0.01 -0.02 -0.01 accel +0.72 +7.16 +6.63
5.450741 508416 	gyro +0.01 -0.00 -0.01 accel +0.77 +7.25 +6.80
5.454725 699648 	gyro +0.02 +0.01 -0.01 accel +0.75 +7.36 +6.85
5.458709 890880 	gyro +0.03 +0.02 -0.01 accel +0.76 +7.36 +6.89
5.462693 082112 	gyro +0.04 +0.02 -0.01 accel +0.76 +7.30 +6.85
5.466677 273344 	gyro +0.04 +0.01 -0.01 accel +0.74 +7.21 +6.79
5.470661 464576 	gyro +0.03 -0.01 -0.01 accel +0.74 +7.19 +6.70
5.474645 655808 	gyro +0.02 -0.01 -0.01 accel +0.74 +7.19 +6.72
5.478629 847040 	gyro +0.01 -0.00 -0.01 accel +0.75 +7.15 +6.70
5.482613 038272 	gyro +0.01 -0.00 -0.01 accel +0.75 +7.18 +6.78
5.486597 229504 	gyro +0.02 -0.00 -0.01 accel +0.74 +7.20 +6.74
5.490581 420736 	gyro +0.03 -0.01 -0.01 accel +0.78 +7.25 +6.72
5.494571 612224 	gyro +0.03 -0.01 -0.01 accel +0.75 +7.26 +6.72
5.498555 803456 	gyro +0.02 -0.01 -0.01 accel +0.80 +7.31 +6.74
5.502539 994688 	gyro +0.01 -0.00 -0.01 accel +0.75 +7.31 +6.75
5.506523 185920 	gyro +0.02 +0.01 -0.01 accel +0.78 +7.33 +6.76
5.510507 377152 	gyro +0.02 +0.02 -0.01 accel +0.79 +7.27 +6.80
5.514491 568384 	gyro +0.03 +0.02 -0.01 accel +0.71 +7.25 +6.82
5.518475 759616 	gyro +0.04 +0.01 -0.00 accel +0.71 +7.26 +6.92
5.522459 950848 	gyro +0.03 +0.00 -0.01 accel +0.39 +6.96 +6.83
5.526443 142080 	gyro +0.01 -0.01 -0.01 accel +0.75 +6.70 +6.71
5.530427 333312 	gyro +0.01 -0.02 -0.01 accel +0.86 +7.21 +6.68
5.534411 524544 	gyro +0.01 -0.01 -0.01 accel +0.73 +7.69 +6.78
5.538395 715776 	gyro +0.03 +0.01 -0.01 accel +0.77 +7.49 +6.85
5.542384 907264 	gyro +0.03 +0.01 -0.01 accel +0.78 +7.38 +6.92
5.546368 098496 	gyro +0.02 +0.01 -0.01 accel +0.75 +7.17 +6.82
5.550352 289728 	gyro +0.03 +0.01 -0.01 accel +0.70 +7.02 +6.65
5.554336 480960 	gyro +0.03 -0.01 -0.00 accel +0.74 +7.15 +6.58
5.558320 672192 	gyro +0.01 -0.02 -0.01 accel +0.75 +7.13 +6.62
5.562304 863424 	gyro +0.01 -0.01 -0.01 accel +0.75 +7.25 +6.70
5.566288 054656 	gyro +0.01 +0.01 -0.01 accel +0.74 +7.34 +6.80
5.570272 245888 	gyro +0.03 +0.02 -0.01 accel +0.78 +7.39 +6.85
5.574256 437120 	gyro +0.04 +0.02 -0.01 accel +0.75 +7.39 +6.89
5.578240 628352 	gyro +0.03 +0.02 -0.01 accel +0.75 +7.29 +6.83
5.582224 819584 	gyro +0.02 +0.00 -0.00 accel +0.71 +7.14 +6.71
5.586208 010816 	gyro +0.02 -0.01 -0.01 accel +0.73 +7.10 +6.65
5.590197 202304 	gyro +0.01 -0.02 -0.01 accel +0.71 +7.15 +6.67
5.594181 393536 	gyro +0.01 -0.01 -0.01 accel +0.72 +7.17 +6.72
5.598165 584768 	gyro +0.01 +0.00 -0.01 accel +0.71 +7.22 +6.79
5.602149 776000 	gyro +0.02 +0.00 -0.01 accel +0.77 +7.22 +6.82
5.606133 967232 	gyro +0.02 +0.01 -0.01 accel +0.81 +7.19 +6.57
5.610117 158464 	gyro +0.03 -0.00 -0.01 accel +1.06 +7.53 +6.66
5.614101 349696 	gyro +0.04 -0.01 -0.01 accel +0.44 +7.76 +6.82
5.618085 540928 	gyro +0.01 +0.00 -0.01 accel +0.68 +6.92 +6.76
5.622069 732160 	gyro +0.02 -0.01 -0.01 accel +0.79 +6.86 +6.68
5.626053 923392 	gyro +0.02 +0.00 -0.01 accel +0.71 +7.46 +6.74
5.630037 114624 	gyro +0.01 +0.02 -0.01 accel +0.69 +7.18 +6.73
5.634027 306112 	gyro +0.04 +0.03 -0.01 accel +0.76 +7.37 +6.81
5.638011 497344 	gyro +0.02 +0.01 -0.01 accel +0.69 +7.29 +6.85
5.641995 688576 	gyro +0.01 +0.00 -0.01 accel +0.71 +7.14 +6.85
5.645979 879808 	gyro +0.01 -0.01 -0.01 accel +0.63 +7.26 +6.76
5.649963 071040 	gyro +0.02 -0.02 -0.01 accel +0.65 +7.12 +6.74
5.653947 262272 	gyro +0.02 -0.03 -0.01 accel +0.75 +7.14 +6.69
5.657931 453504 	gyro +0.02 -0.02 -0.01 accel +0.65 +7.22 +6.69
5.661915 644736 	gyro +0.01 -0.01 -0.01 accel +0.73 +7.21 +6.72
5.665899 835968 	gyro +0.01 +0.01 -0.01 accel +0.69 +7.19 +6.74
5.669883 027200 	gyro +0.03 +0.01 -0.01 accel +0.70 +7.29 +6.68
5.673867 218432 	gyro +0.04 -0.01 -0.01 accel +0.77 +7.37 +6.76
5.677851 409664 	gyro +0.03 -0.00 -0.01 accel +0.72 +7.42 +6.89
5.681840 601152 	gyro +0.01 +0.04 -0.02 accel +0.73 +7.23 +6.87
5.685824 792384 	gyro +0.02 +0.04 -0.01 accel +0.66 +7.15 +6.64
5.689808 983616 	gyro +0.05 -0.02 +0.00 accel +0.74 +7.14 +6.52
5.693792 174848 	gyro +0.03 -0.06 +0.00 accel +0.77 +7.09 +6.60
5.697776 366080 	gyro +0.01 -0.01 -0.02 accel +0.80 +7.23 +6.71
5.701760 557312 	gyro +0.01 +0.03 -0.02 accel +0.66 +7.34 +6.77
5.705744 748544 	gyro +0.03 +0.01 -0.01 accel +0.82 +7.50 +6.88
5.709728 939776 	gyro +0.02 +0.00 -0.01 accel +0.84 +7.47 +7.03
5.713712 131008 	gyro +0.00 +0.03 -0.00 accel +0.79 +7.25 +6.84
5.717696 322240 	gyro +0.03 +0.01 -0.00 accel +0.68 +7.13 +6.54
5.721680 513472 	gyro +0.06 -0.04 -0.01 accel +0.71 +7.13 +6.54
5.725664 704704 	gyro +0.04 -0.04 -0.01 accel +0.79 +7.12 +6.68
5.729653 896192 	gyro -0.01 -0.00 -0.01 accel +0.71 +7.15 +6.70
5.733637 087424 	gyro -0.02 +0.02 -0.01 accel +0.68 +7.21 +6.69
5.737621 278656 	gyro +0.02 +0.00 -0.01 accel +0.78 +7.42 +6.83

